


                         *************
                         * LABAN-PEL *    RELEASED OCT 1991
                         *************


 LABANPEL -- poropy driver                                                       
......................................................................................................................

 NR OF GROUPS   NG =  2     CROSS-SECTION MIX = 19     K-EFF START GUESS = 1.000000    FLUX PRINTING     =  0
 CURR APPR ORDER L =  0     EXTERNAL RESP MIX =  0     ACCU RESP  CALC   = 0.001000    CURRENT PRINTING  =  0
 RESP CALC ORDER   =  0     BOUND. ALBEDO MIX =  2     ACCU POWER ITER   = 0.001000    NO OF GRID POINTS =  0
 FLUX APPR ORDER   =  0                                ACCU KEFF  ITER   = 0.001000    NORMALIZATION     =  1
 HORIS NR OF NODES =  6                                MAX NR K-EFF ITER =  10         ACCELERATION OPT. =  0
 VERTI NR OF NODES =  6                                MAX NR POWER ITER = 100         OMEGA (SOR)       = 1.000000
 D-MATRIX OPTION   =  0     POWER-MAP EXPORTED=  0     FLUX IN BUCK. REP.=  0
 CORE POWER =0.000000E+00 WATTS
 ENERGY RELEASED PER FISSION =3.200000E-11 (JOULES/FISS)


 NDX =  1  1  1  1  1  1

 NDY =  1  1  1  1  1  1

 HX  =   11.5613   23.1226   23.1226   23.1226   23.1226   23.1226

 HY  =   11.5613   23.1226   23.1226   23.1226   23.1226   23.1226


 MIXTURE ALLOCATION
 ******************
   I/J  0  1  2  3  4  5  6  7

   0    0 -1 -1 -1 -1 -1 -1  0
   1   -1 18 12  7  6 11 19 -2
   2   -1 12  8  3  5 14 19 -2
   3   -1  7  4  2  9 15 19 -2
   4   -1  6  1 10 13 19 19 -2
   5   -1 11 16 17 19 19 19 -2
   6   -1 19 19 19 19 19 19 -2
   7    0 -2 -2 -2 -2 -2 -2  0


 CROSS SECTIONS (PRINTED COLUNMWISE FOR D,ABS,NUFIS,CHI,SCAT,FIS,DISC,MMAT)
 **************


 MIX   1    IDENT =    1 <<ATERIAL 1  (IFBA,  4.25 w/o,  0.>>   DIAGONAL D MATRIX
 -------
        1.449300  0.009900  0.007900  1.000000  0.000000  0.000000  0.007900  1.000000
        0.380700  0.104200  0.169200  0.000000  0.015100  0.000000  0.169200  1.000000

 MIX   2    IDENT =    1 <<ATERIAL 2  (IFBA,  4.25 w/o,  0.>>   DIAGONAL D MATRIX
 -------
        1.449300  0.009900  0.007900  1.000000  0.000000  0.000000  0.007900  1.000000
        0.380700  0.104200  0.169200  0.000000  0.015100  0.000000  0.169200  1.000000

 MIX   3    IDENT =    1 <<ATERIAL 3  (IFBA,  4.25 w/o,  0.>>   DIAGONAL D MATRIX
 -------
        1.449300  0.009900  0.007900  1.000000  0.000000  0.000000  0.007900  1.000000
        0.380700  0.104200  0.169200  0.000000  0.015100  0.000000  0.169200  1.000000

 MIX   4    IDENT =    1 <<ATERIAL 4  (IFBA,  4.25 w/o,  0.>>   DIAGONAL D MATRIX
 -------
        1.449300  0.009900  0.007900  1.000000  0.000000  0.000000  0.007900  1.000000
        0.380700  0.104200  0.169200  0.000000  0.015100  0.000000  0.169200  1.000000

 MIX   5    IDENT =    1 <<ATERIAL 5  (IFBA,  4.25 w/o,  0.>>   DIAGONAL D MATRIX
 -------
        1.449300  0.009900  0.007900  1.000000  0.000000  0.000000  0.007900  1.000000
        0.380700  0.104200  0.169200  0.000000  0.015100  0.000000  0.169200  1.000000

 MIX   6    IDENT =    1 <<ATERIAL 6  (IFBA,  4.25 w/o,  0.>>   DIAGONAL D MATRIX
 -------
        1.449300  0.009900  0.007900  1.000000  0.000000  0.000000  0.007900  1.000000
        0.380700  0.104200  0.169200  0.000000  0.015100  0.000000  0.169200  1.000000

 MIX   7    IDENT =    1 <<ATERIAL 7  (IFBA,  4.25 w/o,  15>>   DIAGONAL D MATRIX
 -------
        1.447900  0.011000  0.006900  1.000000  0.000000  0.000000  0.006900  1.000000
        0.370800  0.120000  0.174500  0.000000  0.014800  0.000000  0.174500  1.000000

 MIX   8    IDENT =    1 <<ATERIAL 8  (IFBA,  4.25 w/o,  15>>   DIAGONAL D MATRIX
 -------
        1.447900  0.011000  0.006900  1.000000  0.000000  0.000000  0.006900  1.000000
        0.370800  0.120000  0.174500  0.000000  0.014800  0.000000  0.174500  1.000000

 MIX   9    IDENT =    1 <<ATERIAL 9  (IFBA,  4.25 w/o,  15>>   DIAGONAL D MATRIX
 -------
        1.447900  0.011000  0.006900  1.000000  0.000000  0.000000  0.006900  1.000000
        0.370800  0.120000  0.174500  0.000000  0.014800  0.000000  0.174500  1.000000

 MIX  10    IDENT =    1 <<MATERIAL 10  (IFBA,  4.25 w/o,  >>   DIAGONAL D MATRIX
 -------
        1.447900  0.011000  0.006900  1.000000  0.000000  0.000000  0.006900  1.000000
        0.370800  0.120000  0.174500  0.000000  0.014800  0.000000  0.174500  1.000000

 MIX  11    IDENT =    1 <<MATERIAL 11  (IFBA,  4.25 w/o,  >>   DIAGONAL D MATRIX
 -------
        1.447900  0.011000  0.006900  1.000000  0.000000  0.000000  0.006900  1.000000
        0.370800  0.120000  0.174500  0.000000  0.014800  0.000000  0.174500  1.000000

 MIX  12    IDENT =    1 <<MATERIAL 12  (IFBA,  4.25 w/o,  >>   DIAGONAL D MATRIX
 -------
        1.447900  0.011000  0.006900  1.000000  0.000000  0.000000  0.006900  1.000000
        0.370800  0.120000  0.174500  0.000000  0.014800  0.000000  0.174500  1.000000

 MIX  13    IDENT =    1 <<MATERIAL 13  (IFBA,  4.25 w/o,  >>   DIAGONAL D MATRIX
 -------
        1.449400  0.011500  0.006000  1.000000  0.000000  0.000000  0.006000  1.000000
        0.367600  0.119100  0.162500  0.000000  0.014700  0.000000  0.162500  1.000000

 MIX  14    IDENT =    1 <<MATERIAL 14  (IFBA,  4.25 w/o,  >>   DIAGONAL D MATRIX
 -------
        1.449400  0.011500  0.006000  1.000000  0.000000  0.000000  0.006000  1.000000
        0.367600  0.119100  0.162500  0.000000  0.014700  0.000000  0.162500  1.000000

 MIX  15    IDENT =    1 <<MATERIAL 15  (IFBA,  4.25 w/o,  >>   DIAGONAL D MATRIX
 -------
        1.449400  0.011500  0.006000  1.000000  0.000000  0.000000  0.006000  1.000000
        0.367600  0.119100  0.162500  0.000000  0.014700  0.000000  0.162500  1.000000

 MIX  16    IDENT =    1 <<MATERIAL 16  (IFBA,  4.25 w/o,  >>   DIAGONAL D MATRIX
 -------
        1.449400  0.011500  0.006000  1.000000  0.000000  0.000000  0.006000  1.000000
        0.367600  0.119100  0.162500  0.000000  0.014700  0.000000  0.162500  1.000000

 MIX  17    IDENT =    1 <<MATERIAL 17  (IFBA,  4.25 w/o,  >>   DIAGONAL D MATRIX
 -------
        1.449400  0.011500  0.006000  1.000000  0.000000  0.000000  0.006000  1.000000
        0.367600  0.119100  0.162500  0.000000  0.014700  0.000000  0.162500  1.000000

 MIX  18    IDENT =    1 <<MATERIAL 18  (IFBA,  4.25 w/o,  >>   DIAGONAL D MATRIX
 -------
        1.449400  0.011500  0.006000  1.000000  0.000000  0.000000  0.006000  1.000000
        0.367600  0.119100  0.162500  0.000000  0.014700  0.000000  0.162500  1.000000

 MIX  19    IDENT =    1 <<MATERIAL 19  (REFLECTOR)        >>   DIAGONAL D MATRIX
 -------
        1.320000  0.002656  0.000000  1.000000  0.000000  0.000000  0.000000  1.000000
        0.277200  0.071596  0.000000  0.000000  0.023106  0.000000  0.000000  1.000000


 ALBEDO MATRICES
 ***************
   MIX

    1     1.000000  0.000000
    1     0.000000  1.000000

    2     0.000000  0.000000
    2     0.000000  0.000000


 ****************************************************************************************************
 LABAN-PEL MEMORY REQUIREMENTS

 MEMORY NEEDED IN A                =  2047
 MEMORY AVAILABLE FOR A   (MAVAIL) =250000
 MEMORY NEEDED IN HELL             =     8
 MEMORY AVAILABLE FOR HELL  (MEMH) =   500
 MEMORY NEEDED IN SINGL            =    16
 MEMORY AVAILABLE FOR SINGL (MEMS) =   100




 ******************************  INPUT FINISHED  ******************************
 ITERATION PROCESS
 *****************

 ITER NO  IN-ITER    K-EFF     EIGEN     DELTA     OMEGA
      1       26    1.000000  1.070760  0.000828  1.000000
      2       29    1.144734  0.998130  0.000913  1.000000
      3        7    1.140184  0.999974  0.000845  1.000000




 *********************
 * K-EFF =  1.140122 *
 *********************

   K-EFF FROM BALANCE =  1.140127



 TOTAL NR OF INNER ITERATIONS =   62
 NUMBER OF UNKNOWNS (KURTOT)  =  168


 NEUTRON BALANCE GROUP-WISE.
 **************************

 GROUP  LEAKAGE      ABSORPTION   REMOVAL      INSCATTER    FISSION      BALANCE
   1   -0.8963E+12  -0.1017E+15  -0.1502E+15   0.0000E+00   0.2528E+15   0.00006091
   2   -0.1250E+12  -0.1501E+15   0.0000E+00   0.1502E+15   0.0000E+00   0.00000023


 NODE AVERAGE POWERS RELATIVE TO CORE AVERAGE POWER
 **************************************************

  I/J     1         2         3         4         5         6

  1     1.07658   1.28113   1.40420   1.37252   0.58032   0.00000
  2     1.28113   1.40310   1.73251   1.30587   0.43526   0.00000
  3     1.40420   1.73251   1.53302   0.78678   0.27084   0.00000
  4     1.37252   1.30587   0.78678   0.34406   0.00000   0.00000
  5     0.58032   0.43526   0.27084   0.00000   0.00000   0.00000
  6     0.00000   0.00000   0.00000   0.00000   0.00000   0.00000


 NODE INTEGRAL POWERS RELATIVE TO CORE TOTAL POWER
 *************************************************

  I/J     1         2         3         4         5         6

  1     0.01560   0.03713   0.04070   0.03978   0.01682   0.00000
  2     0.03713   0.08134   0.10044   0.07570   0.02523   0.00000
  3     0.04070   0.10044   0.08887   0.04561   0.01570   0.00000
  4     0.03978   0.07570   0.04561   0.01995   0.00000   0.00000
  5     0.01682   0.02523   0.01570   0.00000   0.00000   0.00000
  6     0.00000   0.00000   0.00000   0.00000   0.00000   0.00000


 AVERAGE FLUX (UNITS OF 10+11) GROUP  1
 **************************************

  I/J     1         2         3         4         5         6

  1    12.81839  14.05154  15.21150  13.41366   6.21341   1.02884
  2    14.05154  15.27191  16.94272  12.74993   5.07829   0.74734
  3    15.21150  16.94272  14.96665   8.52948   3.12715   0.44441
  4    13.41366  12.74993   8.52948   3.97649   0.90728   0.14668
  5     6.21341   5.07829   3.12715   0.90728   0.19918   0.03596
  6     1.02884   0.74734   0.44441   0.14668   0.03596   0.00712


 AVERAGE FLUX (UNITS OF 10+11) GROUP  2
 **************************************

  I/J     1         2         3         4         5         6

  1     1.59706   1.73867   1.91320   1.90865   0.79356   0.30837
  2     1.73867   1.90884   2.40875   1.81655   0.64953   0.22543
  3     1.91320   2.40875   2.13257   1.07172   0.40538   0.13468
  4     1.90865   1.81655   1.07172   0.51483   0.26756   0.04890
  5     0.79356   0.64953   0.40538   0.26756   0.06746   0.01235
  6     0.30837   0.22543   0.13468   0.04890   0.01235   0.00242

 END                                                                             
......................................................................................................................
